function z = AdMatriz()
    z = [
        0 50 0 45 30 0 0 0;
        50 0 60 0 0 0 0 0;
        0 60 0 10 0 35 0 0;
        45 0 10 0 11 0 17 0;
        30 0 0 11 0 0 0 0;
        0 0 35 0 0 0 30 0;
        0 0 0 17 0 30 0 10;
        0 0 0 0 0 0 10 0;
        ];
end